x = 1.0000000000, f(x) = 0.0000000000
x = -1.0000000000 + 2.0000000000i
x = -1.0000000000 + -2.0000000000i
