x = -0.3560617617 + 0.1627583829i
x = -0.3560617617 + -0.1627583829i
x = 1.2416774448, f(x) = 0.0000000000
x = 1.9704460787, f(x) = 0.0000000000
